1.6

3.5

1.3

3.8

1.8

4.0

4.5

2.4

2.0

1.0

3.8

1.3

3.2

4.8

1.2

1.8

3.3

2.3

1.0

2.0

4.9

1.1

5.0

5.0

3.6

4.1

2.9

1.2

2.0

3.2

1.5

4.3

1.7

1.0

4.7

3.0

1.8

4.0

1.15

3.55

3.75

1.85

1.2

2.0

3.8

4.0

2.0

3.0

4.2

4.5

2.0

2.8

3.3

4.3

3.5

2.5

3.2

4.0

4.1

3.0

3.2

2.3

3.4

4.0

2.0

3.2

4.4

3.5

3.0

3.5

1.2

2.3

4.2

3.5

3.4

1.8

4.2

2.5

3.8

3.9

1.5

4.25

4.0

3.0

2.5

3.0

1.0

1.0

3.0

3.0

3.5

3.0

1.0

2.5

3.7

1.0

2.0

1.5

4.5

3.0

3.5

1.2

1.5

2.8

3.0

1.9

3.0

3.2

2.5

3.0

2.2

4.0

4.0

3.5

3.0

3.9

2.05

1.1

3.4

2.0

2.2

1.5

1.7

3.0

1.2

1.5

1.4

1.6

1.9

2.5

3.2

1.3

2.1

1.8

3.0

2.8

3.2

4.3

4.6

3.4

2.5

3.5

3.1

2.7

2.2

3.7

3.8

3.5

3.0

3.1

3.0

4.0

1.8

3.15

3.0

1.55

2.0

0.5

1.0

0.7

1.0

2.5

3.5

3.0

2.1

2.0

1.0

2.0

0.5

1.5

0.2

0.1

1.5

0.1

0.2

0.5

2.9

2.5

1.5

0.7

0.3

1.9

0.4

0.2

1.0

1.3

0.7

1.5

1.0

0.5

1.9

1.1

2.1

2.8

2.1

3.2

2.5

3.4

2.0

2.3

2.5

2.2

1.0

1.0

1.6

2.3

2.8

2.6

2.6

1.8

2.4

1.0

1.5

2.9

2.7

3.5

1.8

2.2

3.3

2.0

2.0

3.2

1.6

2.6

4.8

2.8

3.2

2.3

2.8

1.0

1.7

2.0

3.0

3.1

1.2

3.5

2.7

2.5

1.3

2.0

2.0

2.8

3.2

1.2

1.1

2.4

3.0

3.0

2.5

3.0

3.5

3.0

1.0

2.5

3.0

2.7

2.7

2.5

2.6

2.7

1.3

